

TREE # 1

  0  0.0000   1578.010910  x:  0.32507   0.38109   0.02713   0.10477   0.27450   0.28670   0.31549   0.43289   0.33749   0.35040  
  1 99.0000   1487.448173  x:  0.30155   0.37817   0.03641   0.09969   0.26499   0.27284   0.28442   0.59852   0.05107   0.35662  
  2 275.5333   1476.827325  x:  0.33735   0.44132   0.00000   0.10297   0.31548   0.30174   0.28064   0.77818   0.06555   0.37102  
  3 106.5117   1469.933693  x:  0.38089   0.51674   0.02131   0.11247   0.37552   0.33637   0.27775   0.97905   0.08580   0.38748  
  4 1254.5787   1463.478349  x:  0.47187   0.63184   0.01730   0.12858   0.46071   0.39246   0.30199   1.00668   0.04331   0.40873  
  5 72.8417   1463.084438  x:  0.48061   0.65275   0.01903   0.10490   0.46481   0.38565   0.28837   1.00710   0.04139   0.41477  
  6 22.9772   1462.484435  x:  0.49202   0.70421   0.01789   0.11425   0.45833   0.35222   0.23564   1.00578   0.04094   0.43733  
  7 21.5566   1461.981486  x:  0.46313   0.77927   0.01788   0.11274   0.38106   0.37627   0.23423   1.01397   0.04196   0.50051  
  8  6.9637   1459.340562  x:  0.30163   0.68524   0.02385   0.08980   0.50919   0.32620   0.26005   1.13923   0.04901   1.15115  
  9  2.7815   1457.516837  x:  0.43507   0.54140   0.02913   0.07409   0.44702   0.31272   0.25128   1.24730   0.05379   1.50736  
 10 16.3913   1451.961944  x:  0.36699   0.59500   0.02657   0.10061   0.36349   0.39670   0.12098   1.62785   0.05566   1.14860  
 11  1.4581   1449.737595  x:  0.35931   0.65870   0.02490   0.11380   0.30647   0.28352   0.20444   1.80746   0.05566   0.98626  
 12 29.3160   1448.048958  x:  0.34412   0.66235   0.02470   0.12015   0.38403   0.32844   0.23663   2.00422   0.04530   0.99293  
 13  0.3047   1446.573836  x:  0.31534   0.70624   0.02481   0.11160   0.41085   0.31862   0.23543   2.37613   0.05163   0.56920  
 14  0.4291   1446.229742  x:  0.37235   0.68711   0.02608   0.10848   0.41433   0.31380   0.22859   2.53626   0.05021   0.75063  
 15  0.2553   1446.160588  x:  0.37541   0.70890   0.02505   0.11006   0.41388   0.31978   0.22774   2.63998   0.04864   0.64348  
 16  0.1394   1446.146206  x:  0.36372   0.70910   0.02444   0.11137   0.41909   0.31916   0.23091   2.67989   0.04901   0.66213  
 17  0.0309   1446.138005  x:  0.36561   0.72217   0.02238   0.11319   0.42166   0.31979   0.22872   2.69711   0.04895   0.63439  
 18  0.0110   1446.133157  x:  0.36620   0.71875   0.02116   0.11306   0.41909   0.32127   0.22868   2.68326   0.04891   0.64668  
 19  0.0097   1446.131312  x:  0.36510   0.71395   0.02060   0.11342   0.42000   0.31942   0.22954   2.68101   0.04897   0.62850  
 20  0.0138   1446.131292  x:  0.36505   0.71358   0.02061   0.11334   0.41999   0.31955   0.22957   2.68183   0.04900   0.62760  
 21  0.0013   1446.131291  x:  0.36504   0.71358   0.02061   0.11331   0.42005   0.31952   0.22956   2.68195   0.04900   0.62781  
 22  0.0003   1446.131291  x:  0.36505   0.71358   0.02061   0.11331   0.42006   0.31952   0.22956   2.68197   0.04900   0.62782  
 23  0.0000   1446.131291  x:  0.36505   0.71358   0.02061   0.11331   0.42006   0.31952   0.22956   2.68197   0.04900   0.62782  
 24  0.0000   1446.131291  x:  0.36505   0.71358   0.02061   0.11331   0.42006   0.31952   0.22956   2.68197   0.04900   0.62782  
 25  0.0000   1446.131291  x:  0.36505   0.71358   0.02061   0.11331   0.42006   0.31952   0.22956   2.68197   0.04900   0.62782  